Panel
X: 0.02615417
Y: 0.02615418
Z: 0.02615418

Chair
X: 2.130107
Y: 2.130107
Z: 2.130107